1
18
82
611
770
1
2
1
2
20
78
614
769
1
3
1
3
16
75
615
770
1
4
1
4
19
72
622
767
1
5
1
5
16
79
620
768
1
6
1
6
23
78
622
767
1
7
1
7
25
77
611
767
1
8
1
8
26
71
607
769
1
9
1
9
18
77
612
766
1
10
1
10
19
82
612
768
1
11
1
11
15
78
622
768
1
12
1
12
22
78
607
767
1
13
1
13
18
79
612
770
1
14
1
14
19
73
606
768
1
15
1
15
21
75
609
770
1
16
1
16
17
74
609
770
1
17
1
17
20
77
606
769
1
18
1
18
24
75
607
767
1
19
1
19
13
78
613
769
1
20
1
20
19
74
607
767
1
21
1
21
20
75
616
769
1
22
1
22
16
78
618
768
1
23
1
23
15
76
608
767
1
24
1
24
18
77
619
767
1
25
1
25
16
80
621
769
1
26
1
26
16
77
613
769
1
27
1
27
19
68
614
769
1
28
1
28
18
76
610
769
1
29
1
29
21
72
612
768
1
30
1
30
20
75
618
769
1
31
1
31
23
73
608
769
1
32
1
32
27
71
614
768
1
33
1
33
20
74
615
769
1
34
1
34
22
70
608
769
1
35
1
35
22
74
608
769
1
36
1
36
24
71
606
768
1
37
1
37
21
76
615
769
1
38
1
38
19
75
618
767
1
39
1
