1
24
88
626
779
1
2
1
2
12
81
621
780
1
3
1
3
12
82
627
780
1
4
1
4
16
78
619
779
1
5
1
5
10
80
627
781
1
6
1
6
12
79
625
780
1
7
1
7
2
83
634
780
1
8
1
8
5
75
632
780
1
9
1
9
0
83
631
779
1
10
1
10
6
84
634
778
1
11
1
11
5
82
632
781
1
12
1
12
4
80
631
780
1
13
1
13
5
85
630
781
1
14
1
14
5
75
632
780
1
15
1
15
4
83
630
779
1
16
1
16
5
80
630
780
1
17
1
17
3
79
631
779
1
18
1
18
5
82
625
780
1
19
1
19
3
81
627
780
1
20
1
20
8
76
630
779
1
21
1
21
8
80
630
779
1
22
1
22
7
74
630
778
1
23
1
23
5
82
631
781
1
24
1
24
5
79
631
781
1
25
1
25
10
82
624
780
1
26
1
26
7
76
629
780
1
27
1
27
9
77
622
779
1
28
1
28
8
76
625
779
1
29
1
29
9
81
629
780
1
30
1
30
4
76
627
778
1
31
1
