1
27
80
604
754
1
2
1
2
19
78
604
753
1
3
1
3
17
81
620
754
1
4
1
4
20
81
616
753
1
5
1
5
28
79
604
752
1
6
1
6
21
79
603
754
1
7
1
7
12
80
611
752
1
8
1
8
29
81
609
754
1
9
1
9
23
81
603
753
1
10
1
10
23
79
601
751
1
11
1
11
12
78
605
751
1
12
1
12
20
78
602
753
1
13
1
13
22
79
601
753
1
14
1
14
20
80
612
751
1
15
1
15
19
79
616
752
1
16
1
16
19
77
611
752
1
17
1
17
24
81
609
752
1
18
1
18
20
81
613
755
1
19
1
19
23
81
612
753
1
20
1
20
26
77
614
753
1
21
1
21
29
82
594
752
1
22
1
22
27
85
611
752
1
23
1
23
22
77
619
751
1
24
1
24
27
79
615
756
1
25
1
25
26
80
615
753
1
26
1
26
24
75
614
750
1
27
1
27
25
78
605
754
1
28
1
28
27
79
599
753
1
29
1
29
26
78
593
750
1
30
1
