8
28
80
617
755
1
9
1
9
25
82
612
752
1
10
1
10
17
79
616
747
1
11
1
11
16
81
609
752
1
12
1
12
15
79
612
748
1
13
1
13
11
81
618
752
1
14
1
14
16
81
611
752
1
15
1
15
17
82
619
753
1
16
1
16
13
77
609
752
1
17
1
17
12
82
609
753
1
18
1
18
15
78
613
751
1
19
1
19
16
81
622
751
1
20
1
20
25
81
619
750
1
21
1
21
15
80
620
752
1
22
1
22
16
80
619
753
1
23
1
23
24
80
604
752
1
24
1
24
22
80
616
746
1
25
1
25
20
82
612
751
1
26
1
26
17
79
617
752
1
27
1
27
11
79
619
754
1
28
1
28
28
80
608
751
1
29
1
29
11
78
599
746
1
30
1
30
20
78
615
751
1
31
1
31
13
82
625
752
1
32
1
32
23
82
587
388
1
33
1
33
38
79
602
741
1
34
1
34
38
80
587
329
1
35
1
35
35
81
597
673
1
36
1
