1
22
62
553
742
1
2
1
2
21
60
542
744
1
3
1
3
16
62
547
745
1
4
1
4
18
58
550
744
1
5
1
5
14
58
555
744
1
6
1
6
16
58
551
742
1
7
1
7
14
59
551
742
1
8
1
8
19
58
552
740
1
9
1
9
14
53
558
743
1
10
1
10
16
57
551
743
1
11
1
11
15
62
546
743
1
12
1
12
18
60
554
745
1
13
1
13
18
58
551
742
1
14
1
14
19
59
561
742
1
15
1
15
15
57
554
744
1
16
1
16
13
54
552
742
1
17
1
17
15
56
557
743
1
18
1
18
14
54
551
743
1
19
1
19
14
58
545
743
1
20
1
20
11
53
550
742
1
21
1
21
8
56
554
744
1
22
1
22
11
58
553
743
1
23
1
23
10
55
553
745
1
24
1
24
16
54
553
743
1
25
1
25
8
58
554
742
1
26
1
26
16
58
548
742
1
27
1
27
11
57
550
744
1
28
1
28
15
56
549
743
1
29
1
29
14
59
552
743
1
30
1
30
16
57
552
742
1
31
1
31
15
60
550
744
1
32
1
32
15
60
562
733
1
33
1
33
10
58
551
744
1
34
1
34
13
58
547
743
1
35
1
35
14
56
547
745
1
36
1
36
10
59
553
743
1
37
1
37
14
58
547
744
1
38
1
38
14
57
556
745
1
39
1
39
12
55
557
744
1
40
1
40
10
52
549
743
1
41
1
41
10
57
554
742
1
42
1
42
9
57
550
744
1
43
1
43
7
57
557
743
1
44
1
44
8
61
554
745
1
45
1
45
10
55
553
744
1
46
1
