1
19
54
579
801
1
2
1
2
28
55
572
789
1
3
1
3
27
56
571
787
1
4
1
4
17
77
580
792
1
5
1
5
17
64
579
787
1
6
1
6
15
62
584
790
1
7
1
7
10
64
584
791
1
8
1
8
9
64
581
793
1
9
1
9
10
66
583
792
1
10
1
10
14
66
586
793
1
11
1
11
16
66
581
795
1
12
1
12
9
68
577
789
1
13
1
13
9
67
585
788
1
14
1
14
10
67
580
789
1
15
1
15
5
67
583
793
1
16
1
16
13
64
583
795
1
17
1
17
13
66
584
794
1
18
1
18
11
65
588
794
1
19
1
19
13
63
585
795
1
20
1
20
11
67
583
793
1
21
1
21
10
65
581
789
1
22
1
22
11
64
585
792
1
23
1
