1
17
29
570
805
1
2
1
2
25
29
584
806
1
3
1
3
12
30
579
804
1
4
1
4
22
31
587
805
1
5
1
5
7
29
579
806
1
6
1
6
18
30
583
806
1
7
1
7
8
30
575
806
1
8
1
8
16
28
590
806
1
9
1
9
9
30
578
804
1
10
1
10
18
30
592
806
1
11
1
11
9
31
579
806
1
12
1
12
14
26
593
806
1
13
1
13
4
28
582
805
1
14
1
14
11
28
581
805
1
15
1
15
7
30
579
804
1
16
1
16
11
29
579
806
1
17
1
17
6
29
574
806
1
18
1
18
15
28
577
805
1
19
1
19
6
29
576
804
1
20
1
20
15
28
585
804
1
21
1
21
10
29
582
806
1
22
1
22
21
28
585
806
1
23
1
23
15
30
575
805
1
24
1
24
15
29
584
805
1
25
1
25
7
29
579
805
1
26
1
26
15
29
580
804
1
27
1
27
8
26
583
805
1
28
1
