1
17
85
584
739
1
2
1
2
14
84
577
743
1
3
1
3
14
86
587
743
1
4
1
4
12
83
579
742
1
5
1
5
18
82
581
740
1
6
1
6
10
85
589
743
1
7
1
7
22
82
586
739
1
8
1
8
13
82
586
741
1
9
1
9
18
82
581
742
1
10
1
10
12
82
584
742
1
11
1
11
18
85
582
739
1
12
1
12
11
86
586
743
1
13
1
13
13
83
578
742
1
14
1
14
13
86
586
743
1
15
1
15
21
85
576
743
1
16
1
16
15
87
584
745
1
17
1
17
17
83
585
742
1
18
1
18
13
83
585
743
1
19
1
19
17
80
585
744
1
20
1
20
10
81
580
744
1
21
1
21
9
85
582
739
1
22
1
22
12
81
576
743
1
23
1
23
11
85
581
744
1
24
1
24
18
83
577
744
1
25
1
25
15
82
585
740
1
26
1
26
16
83
580
739
1
27
1
27
16
83
581
742
1
28
1
28
11
83
582
744
1
29
1
29
20
83
585
742
1
30
1
30
11
82
584
744
1
31
1
31
11
84
585
742
1
32
1
32
9
82
585
747
1
33
1
33
12
83
580
745
1
34
1
34
16
81
579
746
1
35
1
35
9
82
585
738
1
36
1
36
8
79
584
741
1
37
1
37
12
81
581
739
1
38
1
38
15
82
581
744
1
39
1
