1
27
56
569
794
1
1
1
2
27
25
571
773
1
2
1
3
29
29
569
770
1
3
1
4
26
29
570
790
1
4
1
5
28
28
569
792
1
5
1
6
28
29
568
793
1
6
1
7
29
30
567
792
1
7
1
8
30
29
570
793
1
8
1
9
28
28
567
795
1
9
1
10
26
28
567
793
1
10
1
11
26
28
568
794
1
11
1
12
29
30
569
792
1
12
1
13
28
28
568
794
1
13
1
14
29
28
567
793
1
14
1
15
30
30
568
791
1
15
1
16
26
27
568
789
1
16
1
17
29
28
567
791
1
17
1
18
26
28
568
793
1
18
1
19
29
29
566
794
1
19
1
20
27
27
573
790
1
20
1
21
28
28
567
791
1
21
1
22
26
26
569
794
1
22
1
23
28
28
567
792
1
23
1
24
27
28
569
792
1
24
1
25
28
28
568
794
1
25
1
26
27
27
571
793
1
26
1
27
28
29
569
794
1
27
1
28
29
28
566
794
1
28
1
29
27
29
569
794
1
29
1
30
28
27
570
794
1
30
1
