1
41
108
606
788
1
2
1
2
37
87
605
767
1
3
1
3
30
75
604
767
1
4
1
4
32
73
615
765
1
5
1
5
22
78
614
765
1
6
1
6
36
78
610
766
1
7
1
7
27
82
610
766
1
8
1
8
40
74
606
767
1
9
1
9
37
85
604
768
1
10
1
10
41
79
610
765
1
11
1
11
32
83
605
766
1
12
1
12
45
82
613
766
1
13
1
13
31
81
612
766
1
14
1
14
38
84
603
766
1
15
1
15
29
83
603
767
1
16
1
16
39
81
617
767
1
17
1
17
30
83
608
767
1
18
1
18
41
83
608
765
1
19
1
19
33
82
607
766
1
20
1
20
40
84
610
768
1
21
1
21
32
82
606
768
1
22
1
22
38
79
613
765
1
23
1
23
29
82
604
765
1
24
1
24
40
85
601
767
1
25
1
25
32
86
610
766
1
26
1
26
41
82
616
766
1
27
1
27
33
86
611
766
1
28
1
28
40
81
604
766
1
29
1
29
32
80
615
768
1
30
1
30
42
82
607
766
1
31
1
31
24
88
608
765
1
32
1
32
37
80
598
767
1
33
1
33
40
85
604
767
1
34
1
34
42
80
607
766
1
35
1
35
42
81
611
765
1
36
1
36
38
83
620
765
1
37
1
37
27
85
614
767
1
38
1
38
43
80
604
766
1
39
1
39
32
84
610
765
1
40
1
40
36
81
609
767
1
41
1
