1
10
62
614
780
1
2
1
2
8
60
614
774
1
3
1
3
5
61
612
775
1
4
1
4
9
60
615
775
1
5
1
5
3
61
620
774
1
6
1
6
5
60
615
774
1
7
1
7
6
62
614
774
1
8
1
8
9
61
612
774
1
9
1
9
2
62
619
775
1
10
1
10
5
59
614
777
1
11
1
11
6
62
612
774
1
12
1
12
4
60
620
777
1
13
1
13
6
60
621
775
1
14
1
14
5
60
620
772
1
15
1
15
3
62
621
777
1
16
1
16
6
60
608
775
1
17
1
17
3
60
619
773
1
18
1
18
5
59
613
775
1
19
1
19
6
62
616
775
1
20
1
20
2
60
618
777
1
21
1
21
2
61
618
776
1
22
1
22
8
63
618
774
1
23
1
23
5
62
616
776
1
24
1
24
7
61
619
775
1
25
1
25
4
61
613
773
1
26
1
26
7
60
616
773
1
27
1
27
3
60
618
774
1
28
1
28
5
61
612
778
1
29
1
