1
24
53
613
772
1
2
1
2
28
54
607
775
1
3
1
3
25
54
611
775
1
4
1
4
32
55
597
776
1
5
1
5
30
55
602
776
1
6
1
6
17
52
606
778
1
7
1
7
19
54
609
775
1
8
1
8
22
55
620
773
1
9
1
9
20
56
611
775
1
10
1
10
23
53
605
772
1
11
1
11
23
53
607
776
1
12
1
12
20
54
609
776
1
13
1
13
17
53
605
774
1
14
1
14
21
55
614
775
1
15
1
15
27
55
610
774
1
16
1
16
23
55
603
775
1
17
1
17
23
55
617
775
1
18
1
18
18
53
610
777
1
19
1
19
26
55
616
778
1
20
1
20
25
55
606
778
1
21
1
21
24
53
604
776
1
22
1
22
20
54
607
776
1
23
1
23
25
55
609
776
1
24
1
24
21
54
612
778
1
25
1
25
14
54
611
777
1
26
1
26
19
54
610
776
1
27
1
27
24
53
607
776
1
28
1
28
27
53
603
774
1
29
1
29
25
52
606
774
1
30
1
