1
28
60
568
775
1
1
1
2
29
30
570
765
1
2
1
3
28
28
567
769
1
3
1
4
29
30
567
763
1
4
1
5
28
28
568
776
1
5
1
6
27
29
569
776
1
6
1
7
29
58
570
787
1
7
1
8
28
29
568
786
1
8
1
9
28
28
567
786
1
9
1
10
28
30
570
784
1
10
1
11
28
29
568
785
1
11
1
12
27
28
568
783
1
12
1
13
28
29
568
782
1
13
1
14
28
27
566
782
1
14
1
15
29
28
566
772
1
15
1
16
31
28
569
783
1
16
1
17
29
28
570
775
1
17
1
18
29
29
568
765
1
18
1
