1
36
69
560
731
1
2
1
2
18
53
581
711
1
3
1
3
18
56
581
707
1
4
1
4
19
52
579
710
1
5
1
5
18
54
577
712
1
6
1
6
17
55
583
710
1
7
1
7
20
54
585
709
1
8
1
8
12
54
582
709
1
9
1
9
8
54
577
710
1
10
1
10
10
51
580
711
1
11
1
11
15
55
577
710
1
12
1
12
15
50
580
710
1
13
1
13
18
50
585
710
1
14
1
14
8
54
581
712
1
15
1
15
17
53
592
711
1
16
1
16
14
54
584
711
1
17
1
17
19
55
587
712
1
18
1
18
13
53
577
710
1
19
1
19
16
53
583
709
1
20
1
20
10
54
579
711
1
21
1
21
9
53
585
712
1
22
1
