1
32
52
565
811
1
1
1
2
24
62
581
783
1
2
1
3
27
64
576
781
1
3
1
4
26
63
577
781
1
4
1
5
29
67
571
781
1
5
1
6
27
69
572
785
1
6
1
7
25
68
577
785
1
7
1
8
23
68
585
783
1
8
1
9
21
68
580
779
1
9
1
10
26
68
574
783
1
10
1
11
25
68
584
779
1
11
1
12
27
69
576
778
1
12
1
13
26
71
581
779
1
13
1
14
24
72
582
780
1
14
1
15
25
67
579
780
1
15
1
16
26
66
578
782
1
16
1
17
26
67
581
780
1
17
1
18
21
67
580
778
1
18
1
19
20
67
569
781
1
19
1
20
20
68
586
778
1
20
1
21
14
69
567
779
1
21
1
