2
15
51
567
723
1
3
1
3
10
50
573
722
1
4
1
4
12
51
568
722
1
5
1
5
13
52
573
721
1
6
1
6
10
51
570
723
1
7
1
7
12
52
577
720
1
8
1
8
8
52
571
723
1
9
1
9
8
51
574
724
1
10
1
10
11
49
575
723
1
11
1
11
12
50
577
721
1
12
1
12
6
53
566
724
1
13
1
13
7
53
571
719
1
14
1
14
10
51
568
721
1
15
1
15
6
52
576
721
1
16
1
16
8
50
573
722
1
17
1
17
9
53
573
720
1
18
1
18
9
52
574
722
1
19
1
19
10
54
571
722
1
20
1
20
9
53
573
721
1
21
1
21
9
51
573
721
1
22
1
22
12
51
575
724
1
23
1
