1
22
97
574
770
1
2
1
2
26
92
582
768
1
3
1
3
33
102
570
769
1
4
1
4
28
97
574
769
1
5
1
5
30
101
569
769
1
6
1
6
31
98
576
770
1
7
1
7
30
99
569
769
1
8
1
8
31
94
575
794
1
9
1
9
30
98
575
769
1
10
1
10
30
97
575
769
1
11
1
11
25
99
575
770
1
12
1
12
30
96
570
769
1
13
1
13
31
96
569
770
1
14
1
14
25
95
577
769
1
15
1
15
28
98
573
790
1
16
1
16
28
98
574
770
1
17
1
17
30
100
567
791
1
18
1
18
30
95
575
769
1
19
1
19
25
98
575
768
1
20
1
20
28
97
574
769
1
21
1
21
26
97
581
769
1
22
1
22
27
96
573
769
1
23
1
23
30
99
567
770
1
24
1
24
29
95
568
770
1
26
1
25
28
98
584
770
1
26
1
26
30
96
574
769
1
27
1
27
29
101
589
768
1
28
1
