1
31
69
563
781
1
1
1
2
24
68
568
781
1
2
1
3
25
67
565
779
1
3
1
4
25
68
580
779
1
4
1
5
22
66
567
781
1
5
1
6
26
67
573
781
1
6
1
7
24
67
574
777
1
7
1
8
24
65
568
779
1
8
1
9
21
68
576
781
1
9
1
10
23
68
571
779
1
10
1
11
21
63
571
779
1
11
1
12
21
65
569
778
1
12
1
13
20
66
570
779
1
13
1
14
26
69
565
780
1
14
1
15
21
66
572
779
1
15
1
16
26
66
574
779
1
16
1
17
22
65
571
780
1
17
1
18
20
68
579
780
1
18
1
19
23
67
568
779
1
19
1
20
19
69
576
781
1
20
1
21
21
69
579
782
1
21
1
22
23
67
578
780
1
22
1
23
24
63
566
780
1
23
1
24
24
66
572
780
1
24
1
25
25
65
568
781
1
25
1
26
27
68
565
780
1
26
1
27
20
67
577
779
1
27
1
28
25
69
572
774
1
28
1
29
23
67
573
780
1
29
1
30
19
67
571
776
1
30
1
31
23
67
571
779
1
31
1
32
22
65
567
780
1
32
1
33
18
70
570
779
1
33
1
34
27
68
570
781
1
34
1
