2
20
53
579
789
1
3
1
3
19
57
579
783
1
4
1
4
21
56
578
787
1
5
1
5
16
55
580
784
1
6
1
6
22
55
574
784
1
7
1
7
18
57
573
788
1
8
1
8
19
53
583
788
1
9
1
9
22
57
582
789
1
10
1
10
16
54
580
790
1
11
1
11
19
54
577
790
1
12
1
12
22
55
580
787
1
13
1
13
17
56
574
788
1
14
1
14
14
56
581
788
1
15
1
15
18
54
583
788
1
16
1
16
18
54
581
788
1
17
1
17
16
56
577
789
1
18
1
18
18
54
577
786
1
19
1
19
19
56
581
786
1
20
1
20
14
56
579
789
1
21
1
21
19
55
576
786
1
22
1
22
20
57
586
788
1
23
1
23
19
54
579
786
1
24
1
24
15
55
571
787
1
25
1
25
12
57
576
786
1
26
1
26
12
56
578
785
1
27
1
27
22
55
580
790
1
28
1
28
17
56
578
786
1
29
1
29
19
58
577
785
1
30
1
30
13
53
581
787
1
31
1
31
16
55
577
787
1
32
1
32
12
56
582
791
1
33
1
33
17
58
576
786
1
34
1
34
16
57
581
785
1
35
1
35
16
56
582
787
1
36
1
36
14
55
587
786
1
37
1
37
18
55
575
787
1
38
1
38
12
56
576
785
1
39
1
39
19
54
577
785
1
40
1
40
18
55
571
786
1
41
1
41
29
60
567
773
1
42
1
42
17
55
580
782
1
43
1
43
18
52
567
783
1
44
1
44
18
56
574
785
1
45
1
45
20
53
572
782
1
46
1
46
19
53
579
782
1
47
1
47
18
56
571
782
1
48
1
48
20
57
566
764
1
49
1
49
16
56
574
780
1
50
1
50
17
61
585
783
1
51
1
51
16
54
581
778
1
52
1
52
18
58
575
776
1
53
1
53
21
58
569
781
1
54
1
