1
17
62
618
776
1
2
1
2
14
58
622
773
1
3
1
3
12
71
614
774
1
4
1
4
8
68
622
777
1
5
1
5
6
70
619
776
1
6
1
6
10
65
620
777
1
7
1
7
9
71
618
776
1
8
1
8
15
66
612
775
1
9
1
9
16
69
617
776
1
10
1
10
12
63
614
776
1
11
1
11
11
70
622
775
1
12
1
12
9
66
620
775
1
13
1
13
14
70
613
774
1
14
1
14
14
67
618
773
1
15
1
15
6
69
620
774
1
16
1
16
15
65
620
773
1
17
1
17
12
70
611
773
1
18
1
18
17
70
615
775
1
19
1
19
14
71
619
774
1
20
1
20
10
67
618
776
1
21
1
21
10
70
623
774
1
22
1
22
16
66
617
771
1
23
1
23
21
45
617
772
1
24
1
24
23
68
618
776
1
25
1
25
16
70
615
774
1
26
1
26
12
68
619
776
1
27
1
27
12
72
622
776
1
28
1
28
15
65
618
773
1
29
1
29
11
71
615
775
1
30
1
30
18
68
616
774
1
31
1
31
12
68
615
775
1
32
1
32
17
67
618
775
1
33
1
33
5
71
613
776
1
34
1
34
14
71
613
776
1
35
1
35
10
69
618
774
1
36
1
