1
16
77
563
729
1
2
1
2
16
68
570
730
1
3
1
3
19
74
569
730
1
4
1
4
14
68
571
731
1
5
1
5
17
73
568
729
1
6
1
6
15
70
566
728
1
7
1
7
10
74
571
729
1
8
1
8
15
70
565
729
1
9
1
9
18
76
563
730
1
10
1
10
15
65
572
729
1
11
1
11
16
75
568
739
1
12
1
12
15
73
571
730
1
13
1
13
18
73
565
730
1
14
1
14
19
71
564
731
1
15
1
15
14
75
567
729
1
16
1
16
19
73
561
728
1
17
1
17
16
78
567
731
1
18
1
18
15
72
567
728
1
19
1
19
11
73
568
730
1
20
1
20
17
76
563
728
1
21
1
21
17
76
565
730
1
22
1
22
13
67
568
730
1
23
1
23
17
72
567
730
1
24
1
24
16
69
562
731
1
25
1
25
15
78
561
731
1
26
1
26
17
72
565
731
1
27
1
27
11
73
564
733
1
28
1
28
13
68
578
729
1
29
1
29
13
72
572
731
1
30
1
30
18
73
568
730
1
31
1
31
15
76
570
729
1
32
1
32
16
69
573
731
1
33
1
33
13
72
564
730
1
34
1
34
15
74
567
729
1
35
1
35
16
78
569
728
1
36
1
36
11
68
572
730
1
37
1
37
14
76
566
728
1
38
1
