1
16
96
616
768
1
2
1
2
18
65
606
754
1
3
1
3
14
64
614
787
1
4
1
4
14
62
607
786
1
5
1
5
23
64
607
786
1
6
1
6
19
62
602
786
1
7
1
7
17
66
616
785
1
8
1
8
16
63
611
787
1
9
1
9
18
60
607
790
1
10
1
10
4
55
605
787
1
11
1
11
10
62
615
786
1
12
1
12
16
66
616
788
1
13
1
13
10
62
614
785
1
14
1
14
16
59
610
787
1
15
1
15
13
61
613
787
1
16
1
16
17
62
615
787
1
17
1
17
14
65
615
788
1
18
1
18
21
62
613
786
1
19
1
19
18
63
612
787
1
20
1
20
21
57
620
787
1
21
1
21
26
64
611
786
1
22
1
22
19
60
615
789
1
23
1
23
17
61
622
787
1
24
1
24
24
66
615
788
1
25
1
25
21
62
618
787
1
26
1
26
21
62
616
787
1
27
1
27
11
61
614
788
1
28
1
28
14
57
604
787
1
29
1
29
13
65
618
788
1
30
1
30
16
54
618
786
1
31
1
31
17
61
613
787
1
32
1
32
15
59
618
789
1
33
1
33
19
59
620
787
1
34
1
34
12
57
614
788
1
35
1
35
16
59
618
787
1
36
1
36
18
59
613
787
1
37
1
37
18
63
617
787
1
38
1
38
22
63
607
787
1
39
1
